0	0	281354	703554	915941	915587	701191	281013	0	0	
0	491988	996734	1125672	1211511	1212638	1123690	993963	494039	0	
281138	996057	1213633	1473035	1685977	1686789	1472296	1212965	995840	281081	
702265	1126215	1474236	2032298	2747713	2746035	2033865	1473764	1123824	703553	
915725	1211753	1688998	2748208	7528490	7529949	2749211	1685592	1211018	917237	
915567	1212400	1685461	2746491	7535726	7534122	2749952	1688410	1210787	917182	
702454	1125826	1473266	2033248	2750186	2747128	2033647	1473686	1124398	703525	
280230	996362	1213302	1472069	1687577	1687579	1474356	1210622	995893	281232	
0	494025	996211	1126116	1212662	1211027	1124585	994419	494154	0	
0	0	281012	703854	917565	916364	703793	281622	0	0	
